R	3.2027	1.5737	0.4940	1477010443350000	-0.0165	3.0494	-0.0941	0.9956
L	-0.1323	3.4390	1477010443750000	-0.0821	3.4438	-0.2181	0.9759
R	4.2312	1.6317	0.5380	1477010444150000	-0.1966	3.8267	-0.3387	0.9409
L	-0.5477	3.9345	1477010444550000	-0.3583	4.1923	-0.4540	0.8910
R	4.1481	1.7459	1.0781	1477010444950000	-0.5645	4.5348	-0.5621	0.8271
L	-0.8328	4.9337	1477010445350000	-0.8119	4.8487	-0.6613	0.7501
R	5.3614	1.7129	0.1519	1477010445750000	-1.0968	5.1292	-0.7501	0.6613
L	-1.3253	5.3857	1477010446150000	-1.4146	5.3717	-0.8271	0.5621
R	5.7664	1.8798	0.1938	1477010446550000	-1.7602	5.5725	-0.8910	0.4540
L	-1.9643	5.6646	1477010446950000	-2.1283	5.7283	-0.9409	0.3387
R	6.0007	1.9489	0.3007	1477010447350000	-2.5131	5.8368	-0.9759	0.2181
L	-2.9098	5.8779	1477010447750000	-2.9084	5.8963	-0.9956	0.0941
R	6.3040	2.0596	0.2128	1477010448150000	-3.3080	5.9057	-0.9995	-0.0314
L	-3.7390	5.8058	1477010448550000	-3.7057	5.8649	-0.9877	-0.1564
R	6.7999	2.1735	0.3151	1477010448950000	-4.0951	5.7747	-0.9603	-0.2790
L	-4.3633	5.5458	1477010449350000	-4.4701	5.6363	-0.9178	-0.3971
