R	2.8929	1.5390	0.6926	1477010443150000	-0.0024	2.8500	-0.0314	0.9995
L	-0.0328	3.1198	1477010443550000	-0.0431	3.2476	-0.1564	0.9877
R	3.3989	1.6140	1.2078	1477010443950000	-0.1334	3.6370	-0.2790	0.9603
L	-0.0518	3.9077	1477010444350000	-0.2717	4.0121	-0.3971	0.9178
R	4.5889	1.6239	0.9621	1477010444750000	-0.4560	4.3668	-0.5090	0.8607
L	-0.6732	4.8038	1477010445150000	-0.6833	4.6957	-0.6129	0.7902
R	5.4694	1.7768	0.5373	1477010445550000	-0.9500	4.9934	-0.7071	0.7071
L	-1.3800	5.3145	1477010445950000	-1.2519	5.2554	-0.7902	0.6129
R	5.5552	1.8267	0.0816	1477010446350000	-1.5843	5.4775	-0.8607	0.5090
L	-1.7874	5.7227	1477010446750000	-1.9418	5.6562	-0.9178	0.3971
R	6.2332	1.9259	0.5588	1477010447150000	-2.3190	5.7886	-0.9603	0.2790
L	-2.5696	5.8095	1477010447550000	-2.7098	5.8728	-0.9877	0.1564
R	6.5042	2.0139	0.3493	1477010447950000	-3.1080	5.9073	-0.9995	0.0314
L	-3.3289	5.8368	1477010448350000	-3.5075	5.8916	-0.9956	-0.0941
R	7.2394	2.1542	0.3776	1477010448750000	-3.9018	5.8259	-0.9759	-0.2181
L	-4.2057	5.7237	1477010449150000	-4.2848	5.7114	-0.9409	-0.3387
R	7.3655	2.2382	-0.2175	1477010449550000	-4.6504	5.5498	-0.8910	-0.4540
L	-4.9084	5.5559	1477010449950000	-4.9928	5.3436	-0.8271	-0.5621
R	6.9633	2.3573	0.0462	1477010450350000	-5.3068	5.0961	-0.7501	-0.6613
L	-5.6574	4.5482	1477010450750000	-5.5872	4.8112	-0.6613	-0.7501
R	6.6779	2.4435	-0.1537	1477010451150000	-5.8297	4.4935	-0.5621	-0.8271
L	-6.0143	4.0355	1477010451550000	-6.0305	4.1478	-0.4540	-0.8910
R	7.7217	2.5167	-0.1075	1477010451950000	-6.1864	3.7797	-0.3388	-0.9409
L	-6.1121	3.2664	1477010452350000	-6.2949	3.3950	-0.2182	-0.9759
R	7.1214	2.7080	-0.2298	1477010452750000	-6.3543	2.9997	-0.0941	-0.9956
L	-6.4169	2.6834	1477010453150000	-6.3637	2.6000	0.0314	-0.9995
R	6.9143	2.8307	-0.6024	1477010453550000	-6.3230	2.2024	0.1564	-0.9877
L	-6.2968	2.0497	1477010453950000	-6.2327	1.8130	0.2790	-0.9603
R	5.7159	2.8938	-0.2396	1477010454350000	-6.0944	1.4379	0.3971	-0.9178
L	-5.9225	1.1463	1477010454750000	-5.9101	1.0832	0.5090	-0.8608
R	6.1083	3.0370	-0.8787	1477010455150000	-5.6828	0.7543	0.6129	-0.7902
L	-5.2584	0.2805	1477010455550000	-5.4161	0.4566	0.7071	-0.7071
R	4.8938	3.1026	-0.7047	1477010455950000	-5.1142	0.1946	0.7901	-0.6129
L	-4.8815	0.0198	1477010456350000	-4.7818	-0.0275	0.8607	-0.5091
R	4.5218	-3.0962	-1.8306	1477010456750000	-4.4242	-0.2062	0.9177	-0.3972
L	-3.8926	-0.2269	1477010457150000	-4.0471	-0.3386	0.9603	-0.2790
R	4.0880	-3.0191	-0.4823	1477010457550000	-3.6563	-0.4228	0.9877	-0.1565
L	-3.1684	-0.4076	1477010457950000	-3.2580	-0.4572	0.9995	-0.0314
R	2.8319	-2.9499	-0.9826	1477010458350000	-2.8586	-0.4416	0.9956	0.0941
L	-2.6780	-0.2344	1477010458750000	-2.4643	-0.3759	0.9759	0.2181
R	1.6203	-3.0215	-1.5149	1477010459150000	-2.0813	-0.2614	0.9409	0.3387
L	-1.5793	0.1041	1477010459550000	-1.7157	-0.0998	0.8910	0.4540
R	0.8493	3.0062	-1.3083	1477010459950000	-1.3732	0.1064	0.8271	0.5621
L	-1.0140	0.3422	1477010460350000	-1.0593	0.3539	0.7501	0.6613
R	1.4020	2.4317	0.0304	1477010460750000	-0.7789	0.6388	0.6613	0.7501
L	-0.6047	1.0840	1477010461150000	-0.5364	0.9565	0.5621	0.8271
R	1.1462	1.8699	1.0842	1477010461550000	-0.3356	1.3022	0.4540	0.8910
L	-0.0893	1.7321	1477010461950000	-0.1797	1.6703	0.3388	0.9409
R	2.1672	1.6279	0.6617	1477010462350000	-0.0712	2.0550	0.2182	0.9759
L	-0.1228	2.5634	1477010462750000	-0.0118	2.4503	0.0941	0.9956
R	3.1172	1.5004	0.9908	1477010463150000	-0.0008	2.8500	0.0000	1.0000
L	-0.0272	3.5155	1477010463550000	0.0274	3.2487	0.1254	0.9921
R	3.4660	1.5132	1.6395	1477010463950000	0.1054	3.6408	0.2487	0.9686
L	0.0750	4.1208	1477010464350000	0.2319	4.0200	0.3682	0.9298
R	4.0821	1.4292	1.0340	1477010464750000	0.4050	4.3803	0.4818	0.8763
L	0.6437	4.5268	1477010465150000	0.6218	4.7162	0.5878	0.8090
R	4.6835	1.4133	0.9443	1477010465550000	0.8790	5.0222	0.6846	0.7289
L	1.2478	5.2722	1477010465950000	1.1726	5.2935	0.7705	0.6374
R	5.9127	1.3193	0.2688	1477010466350000	1.4978	5.5259	0.8443	0.5358
L	1.7790	5.8378	1477010466750000	1.8496	5.7157	0.9048	0.4258
R	6.3590	1.1950	0.7245	1477010467150000	2.2224	5.8600	0.9511	0.3090
L	2.8053	5.6836	1477010467550000	2.6104	5.9563	0.9823	0.1874
R	7.0323	1.0900	0.6866	1477010467950000	3.0073	6.0033	0.9980	0.0628
L	3.2350	6.0483	1477010468350000	3.4071	6.0002	0.9980	-0.0628
R	7.1091	0.9788	0.4165	1477010468750000	3.8032	5.9470	0.9823	-0.1874
L	3.9082	5.9932	1477010469150000	4.1896	5.8445	0.9510	-0.3090
R	7.6553	0.9278	0.3249	1477010469550000	4.5601	5.6944	0.9048	-0.4258
L	5.0111	5.6303	1477010469950000	4.9089	5.4991	0.8443	-0.5358
R	7.4620	0.7820	0.7317	1477010470350000	5.2305	5.2616	0.7705	-0.6374
L	5.5606	4.9663	1477010470750000	5.5197	4.9857	0.6845	-0.7290
R	7.4349	0.6860	0.3068	1477010471150000	5.7721	4.6757	0.5878	-0.8090
L	6.2823	4.2289	1477010471550000	5.9836	4.3365	0.4817	-0.8763
R	7.6855	0.5562	0.3507	1477010471950000	6.1510	3.9735	0.3681	-0.9298
L	6.0337	3.4825	1477010472350000	6.2715	3.5924	0.2487	-0.9686
R	7.3319	0.4396	-0.8689	1477010472750000	6.3433	3.1991	0.1253	-0.9921
L	6.3968	3.0676	1477010473150000	6.3653	2.8000	0.0000	-1.0000
R	6.8938	0.3099	-0.3516	1477010473550000	6.3370	2.4012	-0.1253	-0.9921
L	6.0964	1.8580	1477010473950000	6.2591	2.0092	-0.2487	-0.9686
R	6.1439	0.3048	0.0258	1477010474350000	6.1325	1.6300	-0.3681	-0.9298
L	5.8611	1.3789	1477010474750000	5.9595	1.2696	-0.4818	-0.8763
R	5.5079	0.1550	-1.0529	1477010475150000	5.7427	0.9338	-0.5878	-0.8090
L	5.4554	0.5325	1477010475550000	5.4855	0.6278	-0.6846	-0.7290
R	5.2705	0.0842	-0.8226	1477010475950000	5.1919	0.3565	-0.7705	-0.6374
L	4.6675	0.0637	1477010476350000	4.8667	0.1241	-0.8443	-0.5358
R	4.5938	-0.0278	-0.6680	1477010476750000	4.5149	-0.0658	-0.9048	-0.4258
L	4.3110	-0.5030	1477010477150000	4.1421	-0.2100	-0.9511	-0.3090
R	3.6475	-0.0459	-0.8140	1477010477550000	3.7541	-0.3064	-0.9823	-0.1874
L	3.5071	-0.3867	1477010477950000	3.3572	-0.3533	-0.9980	-0.0628
R	2.7997	-0.1171	-0.5595	1477010478350000	2.9574	-0.3502	-0.9980	0.0628
L	2.4254	-0.1884	1477010478750000	2.5612	-0.2970	-0.9823	0.1874
R	2.0398	-0.1141	-0.8962	1477010479150000	2.1749	-0.1945	-0.9511	0.3090
L	1.7902	-0.0209	1477010479550000	1.8043	-0.0445	-0.9048	0.4258
R	1.3787	0.1343	-0.3988	1477010479950000	1.4556	0.1509	-0.8443	0.5358
L	1.4812	0.5214	1477010480350000	1.1340	0.3884	-0.7705	0.6374
R	0.8291	0.6970	0.0784	1477010480750000	0.8448	0.6643	-0.6845	0.7290
L	0.6606	1.0183	1477010481150000	0.5924	0.9743	-0.5878	0.8090
R	1.8880	1.2979	0.0093	1477010481550000	0.3809	1.3135	-0.4818	0.8763
L	0.2278	1.5426	1477010481950000	0.2135	1.6765	-0.3681	0.9298
R	2.3886	1.5292	0.8986	1477010482350000	0.0930	2.0576	-0.2487	0.9686
L	0.1671	2.4783	1477010482750000	0.0212	2.4509	-0.1253	0.9921
R	2.6545	1.5716	1.5278	1477010483150000	-0.0008	2.8500	0.0000	1.0000
